0000000
00   00
00   00
00   00
00   00
00   00
00   00
00   00
00   00
0000000
 111   
1111   
  11   
  11   
  11   
  11   
  11   
  11   
  11   
1111111
2222222
     22
     22
    22 
   22  
  22   
 22    
22     
22     
2222222
333333 
     33
     33
    33 
   33  
   33  
    33 
     33
     33
333333 
44   44
44   44
44   44
44   44
4444444
     44
     44
     44
     44
     44
5555555
55     
55     
55     
5555555
     55
     55
     55
     55
5555555
6666666
66     
66     
66     
6666666
66   66
66   66
66   66
66   66
6666666
7777777
 777777
     77
    77 
    77 
   77  
   77  
  77   
  77   
  77   
8888888
88   88
88   88
88   88
8888888
88   88
88   88
88   88
88   88
8888888
 99999 
9999999
99   99
99   99
9999999
  99999
     99
     99
9999999
 99999 